409
0
0
0
0
0
0
1
0
1
0
0
0
0
0
0
0
0
0
0
0
0
1
0
0
2
0
0
0
0
0
0
1
1
0
0
0
0
0
0
0
0
1
1
1
2
1
2
3
24
30
42
126
65
132
137
170
276
388
420
683
843
1025
1289
1715
2088
3357
4614
6102
6932
9223
11192
10882
12631
17616
19254
19771
19664
21202
24937
26271
28063
31890
33058
25910
28243
30476
30959
35116
33608
31263
28115
24281
25874
29921
31527
31984
27950
27523
25967
26039
29176
31953
34226
35734
27314
22407
25234
26176
30046
32808
29196
25789
22195
22344
25256
27229
27197
25320
21116
18140
22442
21500
26773
25490
23743
20436
20597
20687
21293
26831
24115
22561
19062
18555
16690
19172
22799
23618
23596
21641
20101
19879
20182
20477
23050
22746
19056
16923
16916
20880
21991
23141
25453
21658
18255
22838
24153
27042
30865
32236
29188
26829
33447
39117
39707
44340
43058
41745
39398
47010
51046
53511
54199
54881
45334
40925
50990
62813
59062
67111
62569
61605
57160
58609
69373
70489
76524
64750
64230
56663
62920
69422
71436
75061
64845
60768
54479
58457
64143
68961
67827
60679
53301
42738
51198
52698
54048
60823
53529
50766
41370
54935
56186
51763
57101
56046
42503
37751
40070
45073
43844
46456
46054
37900
34543
36839
44331
44111
46115
43995
38766
31720
42242
30655
44643
51600
44860
33033
28117
22310
30733
37409
44698
41850
34579
33572
34778
40319
43642
46889
45668
35533
39162
48986
39498
43341
55237
47268
34990
35376
36766
44909
45720
49427
50874
38165
37752
38846
51216
55308
56993
57635
46672
43234
46979
57240
63641
68505
57675
47957
57650
60574
61710
73419
82575
83792
64471
63430
72255
79700
89365
97942
91294
141973
83454
119949
105996
119023
129990
132113
112445
118403
135569
149333
157542
174633
167726
147062
149977
159826
168220
187932
197164
186385
154188
154696
166503
188496
129764
198874
151469
137254
150031
181183
203429
216271
230313
219070
182580
181897
217844
216728
220846
236933
226904
187251
193286
193218
234288
242970
241786
204873
197494
179406
193008
224526
206684
126796
190594
153540
164127
199679
229496
226246
182906
280318
208457
179571
219075
250184
272043
295121
269368
228732
195255
218020
224491
225616
246454
218085
187218
150792
146626
189203
186275
190915
177118
144234
133454
146448
153985
157306
167111
148824
119367
120200
117616
116960
123907
131146
114557
95994
77737
92986
95194
102417
101030
90642
72164
55077
56312
66839
66824
74676
72354
58702
52530
69105
73258
